MCINX003856	moth_592529	2e-154	325	70.77	114	431	7491	8459
MCINX001193	moth_629875	4e-114	195	93.33	134	328	144225	143641
MCINX000621	moth_628612	1e-55	95	95.79	167	261	63274	63558
MCINX007183	moth_598299	2e-69	252	64.29	23	263	9384	8644
MCINX010456	moth_632064	3e-138	272	84.56	1	272	39833	40648
MCINX005958	moth_631893	0.0	514	68.48	1	493	160728	159190
MCINX009876	moth_629231	3e-60	183	53.55	5	187	24540	25076
MCINX014658	moth_628731	0.0	674	68.69	1	666	17744	15729
MCINX014658	moth_628731	1e-103	617	45.54	2686	3263	8843	7083
MCINX014658	moth_628731	5e-71	373	43.43	663	1030	15443	14367
MCINX002272	moth_632280	3e-58	120	78.33	1	120	82864	83223
MCINX014688	moth_626636	9e-96	278	62.23	346	547	141271	140438
MCINX003426	moth_628185	1e-76	221	52.49	4	224	9490	10152
MCINX014075	moth_595235	3e-57	153	73.20	951	1074	40568	41026
MCINX005345	moth_629715	4e-75	218	58.72	1005	1221	12691	12047
MCINX005345	moth_629715	9e-53	164	57.32	752	914	14905	14414
MCINX009653	moth_632039	1e-57	112	91.96	58	169	127570	127905
MCINX013952	moth_629335	1e-87	697	32.71	5	679	15277	13235
MCINX007632	moth_618999	0.0	3102	32.79	2	2949	28235	19188
MCINX003754	moth_629065	0.0	318	92.45	152	469	50815	49862
MCINX003754	moth_629065	0.0	46	91.30	106	151	51035	50898
MCINX003754	moth_629065	6e-98	136	91.18	469	604	49561	49154
MCINX003754	moth_629065	6e-98	60	91.67	601	660	49059	48880
MCINX003481	moth_628126	6e-135	421	76.48	580	986	18888	17635
MCINX006363	moth_632719	4e-120	373	57.10	464	832	87827	88933
MCINX008561	moth_618999	2e-58	391	36.32	1160	1547	20348	19251
MCINX008561	moth_618999	1e-55	386	33.94	146	522	24440	23304
MCINX006964	moth_628940	2e-56	70	94.29	240	309	680	471
MCINX006964	moth_628940	2e-56	66	96.97	175	240	952	755
MCINX001786	moth_631942	1e-121	335	65.67	586	909	33642	32659
MCINX010915	moth_632880	5e-67	155	72.90	206	360	141744	141283
MCINX003051	moth_632195	2e-86	269	60.59	135	397	12486	13292
MCINX006601	moth_618252	3e-85	102	90.20	568	669	9628	9933
MCINX006601	moth_618252	3e-85	74	82.43	496	569	9297	9518
MCINX003263	moth_629551	5e-78	200	74.00	277	466	6502	5912
MCINX005351	moth_629404	4e-71	135	85.19	102	236	47013	46609
MCINX009651	moth_632039	3e-63	211	55.92	288	468	199460	200092
MCINX001247	moth_618172	6e-81	384	51.04	1	356	18623	19738
MCINX003614	moth_628266	0.0	582	73.02	64	645	109546	111291
MCINX003014	moth_631893	0.0	835	92.69	2501	3335	57975	55471
MCINX003014	moth_631893	0.0	627	91.55	1124	1750	63440	61560
MCINX003014	moth_631893	0.0	455	92.53	3399	3853	54847	53483
MCINX003014	moth_631893	0.0	100	89.00	3853	3952	53397	53098
MCINX003014	moth_631893	0.0	602	83.55	4147	4705	50548	48743
MCINX003014	moth_631893	0.0	545	90.46	48	591	67260	65626
MCINX003014	moth_631893	0.0	619	44.91	1395	1991	63428	61575
MCINX003014	moth_631893	0.0	462	43.72	947	1401	64873	63491
MCINX003014	moth_631893	0.0	456	93.42	674	1129	64873	63506
MCINX003014	moth_631893	0.0	844	36.14	1481	2294	57975	55474
MCINX003014	moth_631893	0.0	380	36.58	1131	1481	59186	58059
MCINX003014	moth_631893	0.0	62	48.39	2296	2357	55369	55184
MCINX003014	moth_631893	0.0	884	37.33	2634	3456	57978	55471
MCINX003014	moth_631893	0.0	393	36.64	2273	2635	59228	58059
MCINX003014	moth_631893	0.0	627	39.07	1659	2235	63437	61569
MCINX003014	moth_631893	0.0	470	41.70	1201	1663	64915	63506
MCINX003014	moth_631893	0.0	849	34.39	1746	2537	57978	55543
MCINX003014	moth_631893	0.0	380	38.42	1395	1745	59195	58065
MCINX003014	moth_631893	0.0	882	34.35	2904	3731	57975	55471
MCINX003014	moth_631893	0.0	346	38.44	2589	2904	59078	58059
MCINX003014	moth_631893	0.0	380	86.58	2149	2501	59198	58059
MCINX003014	moth_631893	6e-162	874	36.96	1075	1917	57993	55480
MCINX003014	moth_631893	9e-160	843	37.01	945	1776	57978	55564
MCINX003014	moth_631893	3e-155	881	33.83	672	1538	57978	55480
MCINX003014	moth_631893	3e-155	64	42.19	1540	1602	55375	55184
MCINX003014	moth_631893	8e-149	872	34.75	1613	2428	57978	55474
MCINX003014	moth_631893	8e-149	61	36.07	2430	2488	55369	55187
MCINX003014	moth_631893	2e-148	607	34.27	3531	4132	57981	56206
MCINX003014	moth_631893	2e-148	391	36.06	3190	3533	59195	58059
MCINX003014	moth_631893	3e-148	886	34.09	528	1406	57966	55474
MCINX003014	moth_631893	3e-148	62	43.55	1408	1469	55369	55184
MCINX003014	moth_631893	9e-139	583	44.43	896	1478	63320	61578
MCINX003014	moth_631893	1e-136	923	33.26	3275	4165	57975	55390
MCINX003014	moth_631893	2e-134	629	39.75	720	1345	63431	61575
MCINX003014	moth_631893	3e-128	586	40.96	628	1208	63308	61587
MCINX003014	moth_631893	3e-128	57	38.60	1202	1258	61522	61352
MCINX003014	moth_631893	2e-119	596	36.74	2715	3269	63347	61587
MCINX003014	moth_631893	2e-119	53	43.40	3275	3327	61486	61328
MCINX003014	moth_631893	2e-114	685	35.18	2002	2666	63461	61443
MCINX003014	moth_631893	1e-112	482	42.12	3519	3993	54898	53495
MCINX003014	moth_631893	1e-112	98	25.51	3999	4087	53391	53098
MCINX003014	moth_631893	2e-112	880	30.23	441	1271	57933	55480
MCINX003014	moth_631893	3e-110	626	37.06	2282	2902	63431	61575
MCINX003014	moth_631893	8e-110	600	37.83	3484	4078	63320	61587
MCINX003014	moth_631893	8e-110	594	37.88	2456	3044	63305	61560
MCINX003014	moth_631893	7e-107	632	34.02	2589	3173	63308	61443
MCINX003014	moth_631893	4e-104	644	34.78	3323	3946	63431	61578
MCINX003014	moth_631893	4e-103	477	40.04	3128	3576	54898	53486
MCINX003014	moth_631893	4e-103	91	34.07	3585	3668	53385	53116
MCINX003014	moth_631893	1e-102	855	27.84	324	1132	57906	55495
MCINX003014	moth_631893	1e-102	63	38.10	1140	1202	55372	55184
MCINX003014	moth_631893	2e-102	597	36.35	3095	3668	63311	61578
MCINX003014	moth_631893	2e-102	306	63.07	5228	5528	30174	29257
MCINX003014	moth_631893	2e-101	466	43.56	1471	1911	64906	63509
MCINX003014	moth_631893	2e-101	631	37.08	464	1083	63362	61560
MCINX003014	moth_631893	4e-100	482	39.21	932	1397	54898	53465
MCINX003014	moth_631893	4e-100	97	31.96	1398	1484	53388	53098
MCINX003014	moth_631893	4e-96	464	39.44	1071	1527	64906	63515
MCINX003014	moth_631893	4e-95	325	62.15	5705	6021	25549	24584
MCINX003014	moth_631893	1e-93	469	37.31	1200	1658	54898	53495
MCINX003014	moth_631893	2e-92	475	39.58	2621	3087	54898	53489
MCINX003014	moth_631893	3e-92	492	36.59	3029	3451	54892	53468
MCINX003014	moth_631893	3e-92	93	40.86	3447	3531	53388	53113
MCINX003014	moth_631893	5e-92	488	37.70	2487	2959	54898	53465
MCINX003014	moth_631893	5e-92	91	31.87	2955	3038	53388	53116
MCINX003014	moth_631893	1e-91	471	39.07	2355	2812	54898	53489
MCINX003014	moth_631893	1e-91	97	29.90	2818	2907	53385	53098
MCINX003014	moth_631893	4e-91	472	37.71	2752	3188	54898	53489
MCINX003014	moth_631893	6e-91	529	36.67	3600	4124	63383	61845
MCINX003014	moth_631893	3e-90	484	38.22	1467	1914	54898	53468
MCINX003014	moth_631893	9e-90	472	38.14	1068	1528	54892	53486
MCINX003014	moth_631893	9e-89	471	40.55	2088	2537	54898	53519
MCINX003014	moth_631893	3e-88	478	40.17	3657	4120	54898	53516
MCINX003014	moth_631893	9e-87	637	32.97	356	949	63371	61560
MCINX003014	moth_631893	9e-87	53	50.94	946	998	61486	61328
MCINX003014	moth_631893	4e-86	474	37.76	1979	2416	54898	53486
MCINX003014	moth_631893	4e-85	458	38.65	1993	2418	64876	63506
MCINX003014	moth_631893	1e-84	457	38.07	2235	2684	64876	63506
MCINX003014	moth_631893	2e-84	466	39.27	659	1117	54898	53516
MCINX003014	moth_631893	3e-83	452	37.17	1600	2018	54898	53552
MCINX003014	moth_631893	9e-83	459	37.91	3399	3852	64867	63512
MCINX003014	moth_631893	2e-78	479	35.70	2492	2957	64906	63494
MCINX003014	moth_631893	1e-77	478	38.91	535	995	64846	63506
MCINX003014	moth_631893	1e-76	461	35.36	2635	3090	64876	63506
MCINX003014	moth_631893	1e-74	474	36.08	3275	3725	64876	63491
MCINX003014	moth_631893	9e-74	461	34.71	1748	2156	64873	63491
MCINX003014	moth_631893	5e-71	134	55.97	1263	1396	60602	60201
MCINX003014	moth_631893	5e-71	133	47.37	1394	1525	60123	59734
MCINX003014	moth_631893	6e-71	470	34.89	2359	2810	64906	63521
MCINX003014	moth_631893	3e-69	484	32.44	3520	3998	64915	63506
MCINX003014	moth_631893	4e-69	138	89.86	2018	2155	60120	59707
MCINX003014	moth_631893	5e-69	378	40.21	1533	1863	59183	58059
MCINX003014	moth_631893	6e-69	375	39.47	2017	2362	59198	58080
MCINX003014	moth_631893	6e-68	462	34.42	3143	3582	64873	63506
MCINX003014	moth_631893	1e-67	464	35.13	3043	3450	64870	63491
MCINX003014	moth_631893	9e-66	395	36.71	1780	2120	59186	58017
MCINX003014	moth_631893	6e-65	161	74.53	1748	1908	61171	60740
MCINX003014	moth_631893	4e-64	489	28.22	512	991	54895	53492
MCINX003014	moth_631893	4e-64	89	30.34	997	1075	53388	53122
MCINX003014	moth_631893	7e-64	383	37.34	996	1347	59189	58059
MCINX003014	moth_631893	4e-62	462	34.85	437	856	64846	63506
MCINX003014	moth_631893	2e-60	372	36.29	627	963	59081	58014
MCINX003014	moth_631893	3e-59	366	36.34	897	1232	59087	58017
MCINX003014	moth_631893	8e-58	395	34.18	3581	3946	59195	58068
MCINX003014	moth_631893	1e-56	477	30.61	3662	4129	64906	63515
MCINX003014	moth_631893	1e-55	142	45.77	1260	1400	60126	59707
MCINX003014	moth_631893	1e-55	132	41.67	1129	1260	60602	60210
MCINX003014	moth_631893	2e-55	115	86.09	1905	2019	60614	60270
MCINX003014	moth_631893	3e-54	134	48.51	2017	2148	60608	60210
MCINX003014	moth_631893	3e-54	135	38.52	2154	2288	60108	59707
MCINX003014	moth_631893	8e-54	380	35.53	2687	3035	59183	58077
MCINX003014	moth_631893	1e-53	345	36.23	3084	3400	59111	58098
MCINX003014	moth_631893	1e-52	140	40.71	2279	2418	60617	60201
MCINX003014	moth_631893	1e-52	121	46.28	2417	2537	60120	59758
MCINX003014	moth_631893	8e-52	409	34.47	3714	4091	59210	58047
MCINX003014	moth_631893	7e-51	130	46.92	1778	1907	60602	60216
MCINX003014	moth_631893	7e-51	114	43.86	1907	2019	60123	59788
MCINX014869	moth_629065	4e-61	134	71.64	213	346	158823	159224
MCINX010788	moth_629698	2e-68	134	93.28	137	270	11715	11314
MCINX010458	moth_632064	3e-91	297	47.81	1	297	11664	12554
MCINX010458	moth_632064	4e-53	299	32.78	1	297	2179	1289
MCINX006927	moth_629875	3e-56	110	90.91	305	414	73988	74317
MCINX014693	moth_626636	5e-130	347	70.89	16	357	96543	95509
MCINX000620	moth_628612	0.0	620	65.32	17	596	52260	54110
MCINX003810	moth_596967	2e-69	251	49.00	215	462	233	973
MCINX008814	moth_580528	3e-137	436	66.97	672	1076	9306	8020
MCINX008814	moth_580528	4e-97	475	57.68	96	536	11103	9733
MCINX009013	moth_630949	1e-97	168	91.67	60	227	23070	22567
MCINX009013	moth_630949	8e-71	126	96.83	419	544	20622	20245
MCINX009013	moth_630949	2e-62	65	93.85	344	408	20954	20760
MCINX009013	moth_630949	2e-62	65	92.31	282	346	21226	21032
MCINX005480	moth_630325	2e-68	271	68.27	1	256	24347	25159
MCINX009283	moth_629994	3e-77	377	42.71	4	375	12940	11867
MCINX005484	moth_630517	7e-159	336	91.96	1	336	65168	64161
MCINX010461	moth_629673	2e-85	248	52.82	115	362	17500	18240
MCINX003470	moth_629793	0.0	773	92.88	22	792	17499	15184
MCINX014884	moth_629134	2e-80	195	77.44	286	480	112653	112069
MCINX012534	moth_632880	5e-59	125	75.20	1	125	16877	16503
MCINX016442	moth_632268	0.0	614	83.71	561	1150	55937	54096
MCINX016442	moth_632268	0.0	475	87.37	41	515	58997	57573
MCINX006117	moth_631345	4e-172	405	67.41	70	467	15489	16703
MCINX003603	moth_610338	0.0	468	87.82	1	462	2861	4249
MCINX008562	moth_630980	4e-61	242	45.87	99	298	81779	81054
MCINX015686	moth_628466	7e-54	91	96.70	6	96	56901	56629
MCINX008426	moth_632924	3e-129	263	74.90	276	536	81628	80846
MCINX008426	moth_632924	4e-66	163	70.55	101	263	82989	82501
MCINX005306	moth_629404	5e-126	206	98.06	72	277	96101	96718
MCINX000754	moth_628315	1e-88	209	89.00	9	215	25627	26253
MCINX006448	moth_631169	4e-82	187	79.68	161	347	144482	145036
MCINX006448	moth_631169	3e-68	133	88.72	348	480	145762	146160
MCINX000619	moth_628612	7e-147	340	84.12	1	340	46554	47573
MCINX000619	moth_628612	2e-91	115	82.61	337	444	48913	49257
MCINX000619	moth_628612	2e-91	125	63.20	443	566	49368	49730
MCINX000619	moth_628612	3e-63	78	88.46	603	680	50035	50268
MCINX000619	moth_628612	3e-63	68	82.35	675	742	50339	50542
MCINX003615	moth_628266	3e-86	146	91.10	88	233	127272	127709
MCINX011334	moth_611891	4e-85	204	74.02	107	308	5536	4928
MCINX006365	moth_632039	3e-129	298	73.83	11	287	235634	234765
MCINX009869	moth_631939	3e-72	174	62.64	1	174	201963	202481
MCINX007263	moth_611536	0.0	625	81.44	1222	1845	9664	11535
MCINX007263	moth_611536	0.0	499	78.56	444	892	3468	4958
MCINX007263	moth_611536	9e-78	166	80.12	986	1151	7199	7696
MCINX009942	moth_631893	0.0	524	74.43	9	532	128093	129664
MCINX000686	moth_589697	3e-119	367	49.32	59	416	6075	4984
MCINX013404	moth_630543	9e-112	224	85.27	203	425	165834	165166
MCINX008955	moth_631543	2e-54	154	65.58	145	297	52506	52964
MCINX006116	moth_628315	9e-55	259	54.44	25	249	92867	92157
MCINX003419	moth_629134	0.0	1202	67.14	175	1313	31573	35175
MCINX004316	moth_628830	0.0	1042	80.81	1	1033	119633	122746
MCINX007002	moth_628785	0.0	706	88.81	137	779	77635	79752
MCINX012845	moth_632239	6e-54	110	90.00	284	393	19686	19357
MCINX012845	moth_632239	2e-51	66	87.88	182	247	20673	20476
MCINX012845	moth_632239	2e-51	45	100.00	248	292	20393	20259
MCINX010913	moth_632880	0.0	553	55.70	21	551	122927	121278
MCINX000091	moth_630767	0.0	1626	69.25	238	1826	50449	45656
MCINX008966	moth_628257	3e-134	222	95.05	65	286	51615	52280
MCINX005033	moth_629839	1e-155	342	71.64	20	361	33423	32398
MCINX009562	moth_630980	0.0	545	76.33	78	588	15026	16657
MCINX014315	moth_630772	2e-59	93	81.72	140	232	24182	23904
MCINX014315	moth_630772	2e-59	92	66.30	49	140	24568	24293
MCINX014687	moth_628266	1e-53	141	77.30	617	757	6247	6654
MCINX006600	moth_618252	1e-115	236	98.73	87	322	49216	48509
MCINX002842	moth_632880	2e-73	213	65.26	555	706	331853	332491
MCINX003300	moth_632280	2e-54	134	79.10	71	203	139747	139358
MCINX003755	moth_629065	1e-153	448	67.86	194	624	58943	60244
MCINX000509	moth_631624	1e-100	136	90.44	197	330	35595	36002
MCINX000509	moth_631624	1e-100	100	89.00	97	196	35182	35481
MCINX009523	moth_628170	8e-51	121	76.86	152	272	88108	88470
MCINX004665	moth_628513	2e-57	154	69.48	177	327	94410	93955
MCINX013551	moth_630129	0.0	744	64.52	1107	1829	243770	245935
MCINX013551	moth_630129	0.0	663	59.73	503	1110	236733	238703
MCINX013551	moth_630129	3e-133	376	63.03	64	434	234690	235787
MCINX013551	moth_630129	3e-133	41	58.54	19	57	234560	234682
MCINX003924	moth_595535	2e-129	327	64.53	156	482	4915	5895
MCINX003924	moth_595535	1e-98	263	63.50	482	738	6370	7158
MCINX014692	moth_626636	8e-69	202	53.47	331	472	102877	102272
MCINX014692	moth_626636	8e-69	77	87.01	256	332	103179	102949
MCINX014318	moth_629055	0.0	411	78.10	354	727	54766	53534
MCINX010239	moth_629134	3e-91	281	77.22	12	287	74235	73399
MCINX001787	moth_631674	3e-103	260	67.31	475	730	4104	4877
MCINX001787	moth_631674	6e-60	115	89.57	319	433	1820	2164
MCINX006724	moth_632329	3e-144	329	69.60	157	472	7547	8533
MCINX003422	moth_629134	2e-111	294	74.15	87	377	52626	53492
MCINX003422	moth_629134	7e-53	257	55.64	87	343	74076	73318
MCINX002627	moth_629502	1e-84	208	79.33	98	286	34922	34305
MCINX008019	moth_629520	1e-110	661	46.14	210	833	42066	44033
MCINX013454	moth_631169	8e-166	424	66.04	362	773	226792	225524
MCINX013454	moth_631169	8e-166	145	44.83	257	363	227298	226864
MCINX013454	moth_631169	3e-137	145	86.90	801	945	225011	224577
MCINX013454	moth_631169	3e-137	206	63.11	949	1105	224488	223871
MCINX013454	moth_631169	3e-137	30	73.33	773	802	225208	225119
MCINX013454	moth_631169	6e-58	172	64.53	1105	1242	223667	223152
MCINX005342	moth_628447	0.0	537	64.06	257	785	10486	8912
MCINX010918	moth_628315	4e-74	145	83.45	107	251	189344	189778
MCINX006050	moth_591003	5e-62	244	50.82	14	249	6303	7022
MCINX005481	moth_630325	2e-118	281	67.62	83	361	8271	9113
MCINX012877	moth_632880	1e-92	390	49.23	605	980	42388	43533
MCINX012877	moth_632880	1e-61	353	44.19	284	614	41095	42132
MCINX007323	moth_631267	9e-169	496	66.33	59	493	218165	219634
MCINX006746	moth_628170	9e-55	113	84.96	83	195	395614	395276
MCINX008219	moth_631537	8e-59	180	51.11	101	280	33911	33372
MCINX005343	moth_626059	4e-150	388	62.37	30	416	12945	14108
MCINX006017	moth_628466	7e-79	159	74.21	18	176	62811	62335
MCINX009561	moth_630980	0.0	601	63.39	998	1594	24095	25813
MCINX007778	moth_628685	1e-154	366	62.30	16	381	160862	161950
MCINX001694	moth_631154	4e-98	317	59.62	6	317	82731	81796
MCINX001694	moth_631154	4e-98	53	67.92	332	384	81680	81525
MCINX000294	moth_631537	6e-156	242	78.51	82	321	106887	107600
MCINX000294	moth_631537	6e-156	165	69.70	321	458	107684	108178
MCINX000294	moth_631537	6e-156	40	90.00	458	497	108258	108377
MCINX005332	moth_597423	2e-63	215	69.77	236	450	6821	7447
MCINX001780	moth_598296	6e-73	188	55.85	353	473	11732	11169
MCINX001780	moth_598296	6e-73	51	84.31	472	522	11095	10943
MCINX012382	moth_629134	1e-78	139	91.37	42	180	155355	155771
MCINX003469	moth_629793	2e-84	207	75.85	1	207	27061	26441
MCINX003753	moth_629065	3e-82	146	86.99	1	146	42096	41659
MCINX000093	moth_630767	4e-55	107	90.65	177	283	73282	72962
MCINX008815	moth_620837	3e-99	301	46.84	484	773	78492	79382
MCINX008815	moth_620837	3e-99	67	95.52	774	840	79454	79654
MCINX008815	moth_620837	3e-99	43	93.02	836	878	79737	79865
MCINX007633	moth_631664	1e-145	296	80.07	13	307	21270	20383
MCINX005308	moth_632246	4e-98	278	57.55	26	300	42768	41935
MCINX010460	moth_631322	5e-92	382	41.62	4	380	10514	11620
MCINX000753	moth_628315	2e-87	168	92.86	1	168	9822	10325
MCINX004317	moth_628830	9e-59	287	50.87	49	331	193683	194525
MCINX008337	moth_631210	0.0	774	83.46	1	771	46770	44467
MCINX008337	moth_631210	0.0	377	83.82	764	1139	44299	43175
MCINX013223	moth_628592	0.0	577	63.43	4	576	14013	12289
MCINX001993	moth_629534	3e-56	106	88.68	77	182	14215	14532
MCINX001293	moth_632064	7e-75	233	49.36	6	238	64975	64277
MCINX002844	moth_632880	4e-62	152	88.16	85	233	292732	293187
MCINX003604	moth_629385	5e-84	147	71.43	80	226	18599	19039
MCINX003604	moth_629385	5e-84	81	86.42	1	80	18286	18528
MCINX004661	moth_588038	9e-143	280	76.07	54	323	4870	4031
MCINX012909	moth_628315	0.0	1369	49.09	2	1317	144272	140235
MCINX009285	moth_611268	3e-99	335	56.72	122	426	4284	5282
MCINX002271	moth_632280	8e-114	304	69.41	1	301	86344	87231
MCINX002271	moth_632280	1e-110	266	72.93	348	612	92966	93760
MCINX014659	moth_631169	2e-58	230	50.00	289	498	5343	4660
MCINX005333	moth_625370	8e-177	726	47.11	224	924	3681	1561
MCINX015527	moth_610144	2e-70	179	77.65	1	179	6321	5785
MCINX006931	moth_628785	6e-108	522	48.47	52	544	108989	110449
