MCINX003856	moth_592529	2e-154	325	70.77	114	431	7491	8459
MCINX001193	moth_629875	4e-114	195	93.33	134	328	144225	143641
MCINX000621	moth_628612	1e-55	95	95.79	167	261	63274	63558
MCINX007183	moth_598299	2e-69	252	64.29	23	263	9384	8644
MCINX010456	moth_632064	3e-138	272	84.56	1	272	39833	40648
MCINX005958	moth_631893	0.0	514	68.48	1	493	160728	159190
MCINX009876	moth_629231	3e-60	183	53.55	5	187	24540	25076
MCINX014658	moth_628731	0.0	674	68.69	1	666	17744	15729
MCINX014658	moth_628731	1e-103	617	45.54	2686	3263	8843	7083
MCINX014658	moth_628731	5e-71	373	43.43	663	1030	15443	14367
